{
 "cells": [
  {
   "cell_type": "code",
   "execution_count": 1,
   "metadata": {},
   "outputs": [],
   "source": [
    "import pandas as pd\n"
   ]
  },
  {
   "cell_type": "code",
   "execution_count": 2,
   "metadata": {},
   "outputs": [
    {
     "ename": "NameError",
     "evalue": "name 'pd' is not defined",
     "output_type": "error",
     "traceback": [
      "\u001b[1;31m---------------------------------------------------------------------------\u001b[0m",
      "\u001b[1;31mNameError\u001b[0m                                 Traceback (most recent call last)",
      "\u001b[1;32m<ipython-input-2-fcdfea1a2213>\u001b[0m in \u001b[0;36m<module>\u001b[1;34m\u001b[0m\n\u001b[1;32m----> 1\u001b[1;33m \u001b[0mfile\u001b[0m\u001b[1;33m=\u001b[0m\u001b[0mpd\u001b[0m\u001b[1;33m.\u001b[0m\u001b[0mread_csv\u001b[0m\u001b[1;33m(\u001b[0m\u001b[1;34mr'Downloads/bank.csv'\u001b[0m\u001b[1;33m)\u001b[0m\u001b[1;33m\u001b[0m\u001b[1;33m\u001b[0m\u001b[0m\n\u001b[0m\u001b[0;32m      2\u001b[0m \u001b[0mfile\u001b[0m\u001b[1;33m.\u001b[0m\u001b[0mhead\u001b[0m\u001b[1;33m(\u001b[0m\u001b[1;33m)\u001b[0m\u001b[1;33m\u001b[0m\u001b[1;33m\u001b[0m\u001b[0m\n",
      "\u001b[1;31mNameError\u001b[0m: name 'pd' is not defined"
     ]
    }
   ],
   "source": [
    "file=pd.read_csv(r'Downloads/bank.csv')\n",
    "file.head()"
   ]
  },
  {
   "cell_type": "code",
   "execution_count": 3,
   "metadata": {},
   "outputs": [
    {
     "ename": "NameError",
     "evalue": "name 'file' is not defined",
     "output_type": "error",
     "traceback": [
      "\u001b[1;31m---------------------------------------------------------------------------\u001b[0m",
      "\u001b[1;31mNameError\u001b[0m                                 Traceback (most recent call last)",
      "\u001b[1;32m<ipython-input-3-c88488ba0605>\u001b[0m in \u001b[0;36m<module>\u001b[1;34m\u001b[0m\n\u001b[1;32m----> 1\u001b[1;33m \u001b[0mbank_data\u001b[0m\u001b[1;33m=\u001b[0m\u001b[0mfile\u001b[0m\u001b[1;33m.\u001b[0m\u001b[0mcopy\u001b[0m\u001b[1;33m(\u001b[0m\u001b[1;33m)\u001b[0m\u001b[1;33m\u001b[0m\u001b[1;33m\u001b[0m\u001b[0m\n\u001b[0m",
      "\u001b[1;31mNameError\u001b[0m: name 'file' is not defined"
     ]
    }
   ],
   "source": [
    "bank_data=file.copy()"
   ]
  },
  {
   "cell_type": "code",
   "execution_count": 4,
   "metadata": {},
   "outputs": [
    {
     "ename": "NameError",
     "evalue": "name 'bank_data' is not defined",
     "output_type": "error",
     "traceback": [
      "\u001b[1;31m---------------------------------------------------------------------------\u001b[0m",
      "\u001b[1;31mNameError\u001b[0m                                 Traceback (most recent call last)",
      "\u001b[1;32m<ipython-input-4-dafad5301ba7>\u001b[0m in \u001b[0;36m<module>\u001b[1;34m\u001b[0m\n\u001b[1;32m----> 1\u001b[1;33m \u001b[0mw\u001b[0m \u001b[1;33m=\u001b[0m \u001b[0mbank_data\u001b[0m\u001b[1;33m.\u001b[0m\u001b[0mselect_dtypes\u001b[0m\u001b[1;33m(\u001b[0m\u001b[0minclude\u001b[0m\u001b[1;33m=\u001b[0m\u001b[1;33m[\u001b[0m\u001b[0mobject\u001b[0m\u001b[1;33m]\u001b[0m\u001b[1;33m)\u001b[0m\u001b[1;33m\u001b[0m\u001b[1;33m\u001b[0m\u001b[0m\n\u001b[0m\u001b[0;32m      2\u001b[0m \u001b[0mw\u001b[0m\u001b[1;33m.\u001b[0m\u001b[0mhead\u001b[0m\u001b[1;33m(\u001b[0m\u001b[1;36m3\u001b[0m\u001b[1;33m)\u001b[0m\u001b[1;33m\u001b[0m\u001b[1;33m\u001b[0m\u001b[0m\n",
      "\u001b[1;31mNameError\u001b[0m: name 'bank_data' is not defined"
     ]
    }
   ],
   "source": [
    "\n",
    "w = bank_data.select_dtypes(include=[object])\n",
    "w.head(3)"
   ]
  },
  {
   "cell_type": "code",
   "execution_count": 5,
   "metadata": {},
   "outputs": [],
   "source": [
    "from sklearn import preprocessing"
   ]
  },
  {
   "cell_type": "code",
   "execution_count": 6,
   "metadata": {},
   "outputs": [
    {
     "ename": "NameError",
     "evalue": "name 'w' is not defined",
     "output_type": "error",
     "traceback": [
      "\u001b[1;31m---------------------------------------------------------------------------\u001b[0m",
      "\u001b[1;31mNameError\u001b[0m                                 Traceback (most recent call last)",
      "\u001b[1;32m<ipython-input-6-44f27bd38124>\u001b[0m in \u001b[0;36m<module>\u001b[1;34m\u001b[0m\n\u001b[0;32m      4\u001b[0m \u001b[1;31m# 2/3. FIT AND TRANSFORM\u001b[0m\u001b[1;33m\u001b[0m\u001b[1;33m\u001b[0m\u001b[1;33m\u001b[0m\u001b[0m\n\u001b[0;32m      5\u001b[0m \u001b[1;31m# use df.apply() to apply le.fit_transform to all columns\u001b[0m\u001b[1;33m\u001b[0m\u001b[1;33m\u001b[0m\u001b[1;33m\u001b[0m\u001b[0m\n\u001b[1;32m----> 6\u001b[1;33m \u001b[0mw_2\u001b[0m \u001b[1;33m=\u001b[0m \u001b[0mw\u001b[0m\u001b[1;33m.\u001b[0m\u001b[0mapply\u001b[0m\u001b[1;33m(\u001b[0m\u001b[0mle\u001b[0m\u001b[1;33m.\u001b[0m\u001b[0mfit_transform\u001b[0m\u001b[1;33m)\u001b[0m\u001b[1;33m\u001b[0m\u001b[1;33m\u001b[0m\u001b[0m\n\u001b[0m\u001b[0;32m      7\u001b[0m \u001b[0mw_2\u001b[0m\u001b[1;33m.\u001b[0m\u001b[0mhead\u001b[0m\u001b[1;33m(\u001b[0m\u001b[1;33m)\u001b[0m\u001b[1;33m\u001b[0m\u001b[1;33m\u001b[0m\u001b[0m\n",
      "\u001b[1;31mNameError\u001b[0m: name 'w' is not defined"
     ]
    }
   ],
   "source": [
    "    le = preprocessing.LabelEncoder()\n",
    "\n",
    "\n",
    "    # 2/3. FIT AND TRANSFORM\n",
    "    # use df.apply() to apply le.fit_transform to all columns\n",
    "    w_2 = w.apply(le.fit_transform)\n",
    "    w_2.head()"
   ]
  },
  {
   "cell_type": "code",
   "execution_count": 1,
   "metadata": {},
   "outputs": [
    {
     "ename": "NameError",
     "evalue": "name 'w_2' is not defined",
     "output_type": "error",
     "traceback": [
      "\u001b[1;31m---------------------------------------------------------------------------\u001b[0m",
      "\u001b[1;31mNameError\u001b[0m                                 Traceback (most recent call last)",
      "\u001b[1;32m<ipython-input-1-c6ec660d7420>\u001b[0m in \u001b[0;36m<module>\u001b[1;34m\u001b[0m\n\u001b[1;32m----> 1\u001b[1;33m \u001b[0mf\u001b[0m\u001b[1;33m=\u001b[0m\u001b[0mw_2\u001b[0m\u001b[1;33m.\u001b[0m\u001b[0mjoin\u001b[0m\u001b[1;33m(\u001b[0m\u001b[0mbank_data\u001b[0m\u001b[1;33m[\u001b[0m\u001b[1;33m[\u001b[0m\u001b[1;34m'age'\u001b[0m\u001b[1;33m,\u001b[0m\u001b[1;34m'balance'\u001b[0m\u001b[1;33m,\u001b[0m\u001b[1;34m'day'\u001b[0m\u001b[1;33m,\u001b[0m\u001b[1;34m'duration'\u001b[0m\u001b[1;33m,\u001b[0m\u001b[1;34m'campaign'\u001b[0m\u001b[1;33m,\u001b[0m\u001b[1;34m'pdays'\u001b[0m\u001b[1;33m]\u001b[0m\u001b[1;33m]\u001b[0m\u001b[1;33m)\u001b[0m\u001b[1;33m\u001b[0m\u001b[1;33m\u001b[0m\u001b[0m\n\u001b[0m\u001b[0;32m      2\u001b[0m \u001b[0mf\u001b[0m\u001b[1;33m.\u001b[0m\u001b[0mhead\u001b[0m\u001b[1;33m(\u001b[0m\u001b[1;36m2\u001b[0m\u001b[1;33m)\u001b[0m\u001b[1;33m\u001b[0m\u001b[1;33m\u001b[0m\u001b[0m\n",
      "\u001b[1;31mNameError\u001b[0m: name 'w_2' is not defined"
     ]
    }
   ],
   "source": [
    "f=w_2.join(bank_data[['age','balance','day','duration','campaign','pdays']])\n",
    "f.head(2)"
   ]
  },
  {
   "cell_type": "code",
   "execution_count": 39,
   "metadata": {},
   "outputs": [
    {
     "data": {
      "text/html": [
       "<div>\n",
       "<style scoped>\n",
       "    .dataframe tbody tr th:only-of-type {\n",
       "        vertical-align: middle;\n",
       "    }\n",
       "\n",
       "    .dataframe tbody tr th {\n",
       "        vertical-align: top;\n",
       "    }\n",
       "\n",
       "    .dataframe thead th {\n",
       "        text-align: right;\n",
       "    }\n",
       "</style>\n",
       "<table border=\"1\" class=\"dataframe\">\n",
       "  <thead>\n",
       "    <tr style=\"text-align: right;\">\n",
       "      <th></th>\n",
       "      <th>job</th>\n",
       "      <th>marital</th>\n",
       "      <th>education</th>\n",
       "      <th>default</th>\n",
       "      <th>housing</th>\n",
       "      <th>loan</th>\n",
       "      <th>contact</th>\n",
       "      <th>month</th>\n",
       "      <th>poutcome</th>\n",
       "      <th>deposit</th>\n",
       "      <th>age</th>\n",
       "      <th>balance</th>\n",
       "      <th>day</th>\n",
       "      <th>duration</th>\n",
       "      <th>campaign</th>\n",
       "      <th>pdays</th>\n",
       "    </tr>\n",
       "  </thead>\n",
       "  <tbody>\n",
       "    <tr>\n",
       "      <th>job</th>\n",
       "      <td>1.000000</td>\n",
       "      <td>0.078314</td>\n",
       "      <td>0.147046</td>\n",
       "      <td>-0.007066</td>\n",
       "      <td>-0.136965</td>\n",
       "      <td>-0.067092</td>\n",
       "      <td>-0.087915</td>\n",
       "      <td>-0.076011</td>\n",
       "      <td>-0.004238</td>\n",
       "      <td>0.063395</td>\n",
       "      <td>-0.031603</td>\n",
       "      <td>0.028736</td>\n",
       "      <td>0.026589</td>\n",
       "      <td>0.002432</td>\n",
       "      <td>0.003104</td>\n",
       "      <td>-0.003385</td>\n",
       "    </tr>\n",
       "    <tr>\n",
       "      <th>marital</th>\n",
       "      <td>0.078314</td>\n",
       "      <td>1.000000</td>\n",
       "      <td>0.125845</td>\n",
       "      <td>-0.014691</td>\n",
       "      <td>-0.036345</td>\n",
       "      <td>-0.062029</td>\n",
       "      <td>-0.060456</td>\n",
       "      <td>-0.004070</td>\n",
       "      <td>-0.039424</td>\n",
       "      <td>0.067610</td>\n",
       "      <td>-0.442782</td>\n",
       "      <td>-0.002138</td>\n",
       "      <td>-0.003642</td>\n",
       "      <td>0.006781</td>\n",
       "      <td>-0.030794</td>\n",
       "      <td>0.031200</td>\n",
       "    </tr>\n",
       "    <tr>\n",
       "      <th>education</th>\n",
       "      <td>0.147046</td>\n",
       "      <td>0.125845</td>\n",
       "      <td>1.000000</td>\n",
       "      <td>-0.010709</td>\n",
       "      <td>-0.109168</td>\n",
       "      <td>-0.073154</td>\n",
       "      <td>-0.132540</td>\n",
       "      <td>-0.055868</td>\n",
       "      <td>-0.040262</td>\n",
       "      <td>0.095948</td>\n",
       "      <td>-0.126018</td>\n",
       "      <td>0.051728</td>\n",
       "      <td>0.016759</td>\n",
       "      <td>-0.019122</td>\n",
       "      <td>-0.005327</td>\n",
       "      <td>0.025165</td>\n",
       "    </tr>\n",
       "    <tr>\n",
       "      <th>default</th>\n",
       "      <td>-0.007066</td>\n",
       "      <td>-0.014691</td>\n",
       "      <td>-0.010709</td>\n",
       "      <td>1.000000</td>\n",
       "      <td>0.011076</td>\n",
       "      <td>0.076434</td>\n",
       "      <td>0.035709</td>\n",
       "      <td>0.000950</td>\n",
       "      <td>0.042357</td>\n",
       "      <td>-0.040680</td>\n",
       "      <td>-0.011425</td>\n",
       "      <td>-0.060954</td>\n",
       "      <td>0.017342</td>\n",
       "      <td>-0.009760</td>\n",
       "      <td>0.030975</td>\n",
       "      <td>-0.036282</td>\n",
       "    </tr>\n",
       "    <tr>\n",
       "      <th>housing</th>\n",
       "      <td>-0.136965</td>\n",
       "      <td>-0.036345</td>\n",
       "      <td>-0.109168</td>\n",
       "      <td>0.011076</td>\n",
       "      <td>1.000000</td>\n",
       "      <td>0.076761</td>\n",
       "      <td>0.226392</td>\n",
       "      <td>0.219602</td>\n",
       "      <td>-0.046370</td>\n",
       "      <td>-0.203888</td>\n",
       "      <td>-0.168700</td>\n",
       "      <td>-0.077092</td>\n",
       "      <td>-0.014770</td>\n",
       "      <td>0.035051</td>\n",
       "      <td>0.006660</td>\n",
       "      <td>0.064497</td>\n",
       "    </tr>\n",
       "    <tr>\n",
       "      <th>loan</th>\n",
       "      <td>-0.067092</td>\n",
       "      <td>-0.062029</td>\n",
       "      <td>-0.073154</td>\n",
       "      <td>0.076434</td>\n",
       "      <td>0.076761</td>\n",
       "      <td>1.000000</td>\n",
       "      <td>0.006829</td>\n",
       "      <td>0.025329</td>\n",
       "      <td>0.026344</td>\n",
       "      <td>-0.110580</td>\n",
       "      <td>-0.031418</td>\n",
       "      <td>-0.084589</td>\n",
       "      <td>0.017269</td>\n",
       "      <td>-0.001914</td>\n",
       "      <td>0.034722</td>\n",
       "      <td>-0.030416</td>\n",
       "    </tr>\n",
       "    <tr>\n",
       "      <th>contact</th>\n",
       "      <td>-0.087915</td>\n",
       "      <td>-0.060456</td>\n",
       "      <td>-0.132540</td>\n",
       "      <td>0.035709</td>\n",
       "      <td>0.226392</td>\n",
       "      <td>0.006829</td>\n",
       "      <td>1.000000</td>\n",
       "      <td>0.289803</td>\n",
       "      <td>0.257993</td>\n",
       "      <td>-0.249847</td>\n",
       "      <td>0.027762</td>\n",
       "      <td>-0.027295</td>\n",
       "      <td>0.007943</td>\n",
       "      <td>-0.018000</td>\n",
       "      <td>0.059258</td>\n",
       "      <td>-0.227785</td>\n",
       "    </tr>\n",
       "    <tr>\n",
       "      <th>month</th>\n",
       "      <td>-0.076011</td>\n",
       "      <td>-0.004070</td>\n",
       "      <td>-0.055868</td>\n",
       "      <td>0.000950</td>\n",
       "      <td>0.219602</td>\n",
       "      <td>0.025329</td>\n",
       "      <td>0.289803</td>\n",
       "      <td>1.000000</td>\n",
       "      <td>-0.042456</td>\n",
       "      <td>-0.037121</td>\n",
       "      <td>-0.026130</td>\n",
       "      <td>0.007264</td>\n",
       "      <td>-0.019840</td>\n",
       "      <td>-0.006482</td>\n",
       "      <td>-0.098123</td>\n",
       "      <td>0.033631</td>\n",
       "    </tr>\n",
       "    <tr>\n",
       "      <th>poutcome</th>\n",
       "      <td>-0.004238</td>\n",
       "      <td>-0.039424</td>\n",
       "      <td>-0.040262</td>\n",
       "      <td>0.042357</td>\n",
       "      <td>-0.046370</td>\n",
       "      <td>0.026344</td>\n",
       "      <td>0.257993</td>\n",
       "      <td>-0.042456</td>\n",
       "      <td>1.000000</td>\n",
       "      <td>-0.122369</td>\n",
       "      <td>-0.002699</td>\n",
       "      <td>-0.027151</td>\n",
       "      <td>0.080221</td>\n",
       "      <td>0.042171</td>\n",
       "      <td>0.112127</td>\n",
       "      <td>-0.806533</td>\n",
       "    </tr>\n",
       "    <tr>\n",
       "      <th>deposit</th>\n",
       "      <td>0.063395</td>\n",
       "      <td>0.067610</td>\n",
       "      <td>0.095948</td>\n",
       "      <td>-0.040680</td>\n",
       "      <td>-0.203888</td>\n",
       "      <td>-0.110580</td>\n",
       "      <td>-0.249847</td>\n",
       "      <td>-0.037121</td>\n",
       "      <td>-0.122369</td>\n",
       "      <td>1.000000</td>\n",
       "      <td>0.034901</td>\n",
       "      <td>0.081129</td>\n",
       "      <td>-0.056326</td>\n",
       "      <td>0.451919</td>\n",
       "      <td>-0.128081</td>\n",
       "      <td>0.151593</td>\n",
       "    </tr>\n",
       "    <tr>\n",
       "      <th>age</th>\n",
       "      <td>-0.031603</td>\n",
       "      <td>-0.442782</td>\n",
       "      <td>-0.126018</td>\n",
       "      <td>-0.011425</td>\n",
       "      <td>-0.168700</td>\n",
       "      <td>-0.031418</td>\n",
       "      <td>0.027762</td>\n",
       "      <td>-0.026130</td>\n",
       "      <td>-0.002699</td>\n",
       "      <td>0.034901</td>\n",
       "      <td>1.000000</td>\n",
       "      <td>0.112300</td>\n",
       "      <td>-0.000762</td>\n",
       "      <td>0.000189</td>\n",
       "      <td>-0.005278</td>\n",
       "      <td>0.002774</td>\n",
       "    </tr>\n",
       "    <tr>\n",
       "      <th>balance</th>\n",
       "      <td>0.028736</td>\n",
       "      <td>-0.002138</td>\n",
       "      <td>0.051728</td>\n",
       "      <td>-0.060954</td>\n",
       "      <td>-0.077092</td>\n",
       "      <td>-0.084589</td>\n",
       "      <td>-0.027295</td>\n",
       "      <td>0.007264</td>\n",
       "      <td>-0.027151</td>\n",
       "      <td>0.081129</td>\n",
       "      <td>0.112300</td>\n",
       "      <td>1.000000</td>\n",
       "      <td>0.010467</td>\n",
       "      <td>0.022436</td>\n",
       "      <td>-0.013894</td>\n",
       "      <td>0.017411</td>\n",
       "    </tr>\n",
       "    <tr>\n",
       "      <th>day</th>\n",
       "      <td>0.026589</td>\n",
       "      <td>-0.003642</td>\n",
       "      <td>0.016759</td>\n",
       "      <td>0.017342</td>\n",
       "      <td>-0.014770</td>\n",
       "      <td>0.017269</td>\n",
       "      <td>0.007943</td>\n",
       "      <td>-0.019840</td>\n",
       "      <td>0.080221</td>\n",
       "      <td>-0.056326</td>\n",
       "      <td>-0.000762</td>\n",
       "      <td>0.010467</td>\n",
       "      <td>1.000000</td>\n",
       "      <td>-0.018511</td>\n",
       "      <td>0.137007</td>\n",
       "      <td>-0.077232</td>\n",
       "    </tr>\n",
       "    <tr>\n",
       "      <th>duration</th>\n",
       "      <td>0.002432</td>\n",
       "      <td>0.006781</td>\n",
       "      <td>-0.019122</td>\n",
       "      <td>-0.009760</td>\n",
       "      <td>0.035051</td>\n",
       "      <td>-0.001914</td>\n",
       "      <td>-0.018000</td>\n",
       "      <td>-0.006482</td>\n",
       "      <td>0.042171</td>\n",
       "      <td>0.451919</td>\n",
       "      <td>0.000189</td>\n",
       "      <td>0.022436</td>\n",
       "      <td>-0.018511</td>\n",
       "      <td>1.000000</td>\n",
       "      <td>-0.041557</td>\n",
       "      <td>-0.027392</td>\n",
       "    </tr>\n",
       "    <tr>\n",
       "      <th>campaign</th>\n",
       "      <td>0.003104</td>\n",
       "      <td>-0.030794</td>\n",
       "      <td>-0.005327</td>\n",
       "      <td>0.030975</td>\n",
       "      <td>0.006660</td>\n",
       "      <td>0.034722</td>\n",
       "      <td>0.059258</td>\n",
       "      <td>-0.098123</td>\n",
       "      <td>0.112127</td>\n",
       "      <td>-0.128081</td>\n",
       "      <td>-0.005278</td>\n",
       "      <td>-0.013894</td>\n",
       "      <td>0.137007</td>\n",
       "      <td>-0.041557</td>\n",
       "      <td>1.000000</td>\n",
       "      <td>-0.102726</td>\n",
       "    </tr>\n",
       "    <tr>\n",
       "      <th>pdays</th>\n",
       "      <td>-0.003385</td>\n",
       "      <td>0.031200</td>\n",
       "      <td>0.025165</td>\n",
       "      <td>-0.036282</td>\n",
       "      <td>0.064497</td>\n",
       "      <td>-0.030416</td>\n",
       "      <td>-0.227785</td>\n",
       "      <td>0.033631</td>\n",
       "      <td>-0.806533</td>\n",
       "      <td>0.151593</td>\n",
       "      <td>0.002774</td>\n",
       "      <td>0.017411</td>\n",
       "      <td>-0.077232</td>\n",
       "      <td>-0.027392</td>\n",
       "      <td>-0.102726</td>\n",
       "      <td>1.000000</td>\n",
       "    </tr>\n",
       "  </tbody>\n",
       "</table>\n",
       "</div>"
      ],
      "text/plain": [
       "                job   marital  education   default   housing      loan  \\\n",
       "job        1.000000  0.078314   0.147046 -0.007066 -0.136965 -0.067092   \n",
       "marital    0.078314  1.000000   0.125845 -0.014691 -0.036345 -0.062029   \n",
       "education  0.147046  0.125845   1.000000 -0.010709 -0.109168 -0.073154   \n",
       "default   -0.007066 -0.014691  -0.010709  1.000000  0.011076  0.076434   \n",
       "housing   -0.136965 -0.036345  -0.109168  0.011076  1.000000  0.076761   \n",
       "loan      -0.067092 -0.062029  -0.073154  0.076434  0.076761  1.000000   \n",
       "contact   -0.087915 -0.060456  -0.132540  0.035709  0.226392  0.006829   \n",
       "month     -0.076011 -0.004070  -0.055868  0.000950  0.219602  0.025329   \n",
       "poutcome  -0.004238 -0.039424  -0.040262  0.042357 -0.046370  0.026344   \n",
       "deposit    0.063395  0.067610   0.095948 -0.040680 -0.203888 -0.110580   \n",
       "age       -0.031603 -0.442782  -0.126018 -0.011425 -0.168700 -0.031418   \n",
       "balance    0.028736 -0.002138   0.051728 -0.060954 -0.077092 -0.084589   \n",
       "day        0.026589 -0.003642   0.016759  0.017342 -0.014770  0.017269   \n",
       "duration   0.002432  0.006781  -0.019122 -0.009760  0.035051 -0.001914   \n",
       "campaign   0.003104 -0.030794  -0.005327  0.030975  0.006660  0.034722   \n",
       "pdays     -0.003385  0.031200   0.025165 -0.036282  0.064497 -0.030416   \n",
       "\n",
       "            contact     month  poutcome   deposit       age   balance  \\\n",
       "job       -0.087915 -0.076011 -0.004238  0.063395 -0.031603  0.028736   \n",
       "marital   -0.060456 -0.004070 -0.039424  0.067610 -0.442782 -0.002138   \n",
       "education -0.132540 -0.055868 -0.040262  0.095948 -0.126018  0.051728   \n",
       "default    0.035709  0.000950  0.042357 -0.040680 -0.011425 -0.060954   \n",
       "housing    0.226392  0.219602 -0.046370 -0.203888 -0.168700 -0.077092   \n",
       "loan       0.006829  0.025329  0.026344 -0.110580 -0.031418 -0.084589   \n",
       "contact    1.000000  0.289803  0.257993 -0.249847  0.027762 -0.027295   \n",
       "month      0.289803  1.000000 -0.042456 -0.037121 -0.026130  0.007264   \n",
       "poutcome   0.257993 -0.042456  1.000000 -0.122369 -0.002699 -0.027151   \n",
       "deposit   -0.249847 -0.037121 -0.122369  1.000000  0.034901  0.081129   \n",
       "age        0.027762 -0.026130 -0.002699  0.034901  1.000000  0.112300   \n",
       "balance   -0.027295  0.007264 -0.027151  0.081129  0.112300  1.000000   \n",
       "day        0.007943 -0.019840  0.080221 -0.056326 -0.000762  0.010467   \n",
       "duration  -0.018000 -0.006482  0.042171  0.451919  0.000189  0.022436   \n",
       "campaign   0.059258 -0.098123  0.112127 -0.128081 -0.005278 -0.013894   \n",
       "pdays     -0.227785  0.033631 -0.806533  0.151593  0.002774  0.017411   \n",
       "\n",
       "                day  duration  campaign     pdays  \n",
       "job        0.026589  0.002432  0.003104 -0.003385  \n",
       "marital   -0.003642  0.006781 -0.030794  0.031200  \n",
       "education  0.016759 -0.019122 -0.005327  0.025165  \n",
       "default    0.017342 -0.009760  0.030975 -0.036282  \n",
       "housing   -0.014770  0.035051  0.006660  0.064497  \n",
       "loan       0.017269 -0.001914  0.034722 -0.030416  \n",
       "contact    0.007943 -0.018000  0.059258 -0.227785  \n",
       "month     -0.019840 -0.006482 -0.098123  0.033631  \n",
       "poutcome   0.080221  0.042171  0.112127 -0.806533  \n",
       "deposit   -0.056326  0.451919 -0.128081  0.151593  \n",
       "age       -0.000762  0.000189 -0.005278  0.002774  \n",
       "balance    0.010467  0.022436 -0.013894  0.017411  \n",
       "day        1.000000 -0.018511  0.137007 -0.077232  \n",
       "duration  -0.018511  1.000000 -0.041557 -0.027392  \n",
       "campaign   0.137007 -0.041557  1.000000 -0.102726  \n",
       "pdays     -0.077232 -0.027392 -0.102726  1.000000  "
      ]
     },
     "execution_count": 39,
     "metadata": {},
     "output_type": "execute_result"
    }
   ],
   "source": [
    "\n",
    "f.corr()"
   ]
  },
  {
   "cell_type": "code",
   "execution_count": 33,
   "metadata": {},
   "outputs": [],
   "source": [
    "X=f[['job', 'marital', 'education','housing','loan','month','poutcome','age','balance','duration','campaign','pdays']]  # Features\n",
    "y=f['deposit']  # Labels\n",
    "\n",
    "# Split dataset into training set and test set\n",
    "X_train, X_test, y_train, y_test = train_test_split(X, y, test_size=0.2) # 80% training and 20% test"
   ]
  },
  {
   "cell_type": "code",
   "execution_count": 34,
   "metadata": {},
   "outputs": [],
   "source": [
    "from sklearn.ensemble import RandomForestClassifier\n",
    "\n",
    "#Create a Gaussian Classifier\n",
    "clf=RandomForestClassifier(n_estimators=100)\n",
    "\n",
    "#Train the model using the training sets y_pred=clf.predict(X_test)\n",
    "clf.fit(X_train,y_train)\n",
    "\n",
    "y_pred=clf.predict(X_test)"
   ]
  },
  {
   "cell_type": "code",
   "execution_count": 35,
   "metadata": {},
   "outputs": [
    {
     "name": "stdout",
     "output_type": "stream",
     "text": [
      "Accuracy: 0.8231079265562025\n"
     ]
    }
   ],
   "source": [
    "from sklearn import metrics\n",
    "# Model Accuracy, how often is the classifier correct?\n",
    "print(\"Accuracy:\",metrics.accuracy_score(y_test, y_pred))"
   ]
  },
  {
   "cell_type": "code",
   "execution_count": null,
   "metadata": {},
   "outputs": [],
   "source": []
  }
 ],
 "metadata": {
  "kernelspec": {
   "display_name": "Python 3",
   "language": "python",
   "name": "python3"
  },
  "language_info": {
   "codemirror_mode": {
    "name": "ipython",
    "version": 3
   },
   "file_extension": ".py",
   "mimetype": "text/x-python",
   "name": "python",
   "nbconvert_exporter": "python",
   "pygments_lexer": "ipython3",
   "version": "3.7.6"
  }
 },
 "nbformat": 4,
 "nbformat_minor": 4
}
